1.4287295e-06 
0.7247701 
0.97833776 
0.00489071 
0.98855054 
0.00016364455 
0.001296252 
3.5314333e-05 
0.2637933 
1.0851658e-13 
0.002046883 
1.0936166e-09 
1.2849194e-06 
1.7644415e-07 
1.6692895e-05 
0.999956 
0.00014144182 
0.05766523 
1.3219815e-06 
7.8216565e-11 
0.011894137 
4.483937e-19 
1.4125322e-05 
0.9968755 
8.3087394e-07 
0.00070908666 
0.0011782646 
0.0039098263 
0.69475645 
0.94639987 
3.2557557e-10 
0.0018931031 
2.8365593e-10 
4.264087e-05 
7.602781e-07 
0.8417268 
0.0025754273 
0.0010101497 
4.8389933e-21 
5.9184818e-15 
0.98904455 
0.34103733 
0.0004413724 
2.2184008e-09 
0.9682908 
1.9610188e-05 
0.0019260645 
8.869133e-19 
1.9629702e-07 
5.6823395e-09 
2.7885156e-14 
0.3473286 
0.057195365 
0.99984634 
6.3485227e-20 
0.001003623 
0.047286004 
0.6145993 
5.190476e-12 
5.2898606e-05 
5.7613992e-08 
0.00016131997 
0.9959896 
0.00011883302 
5.4113616e-20 
0.7889049 
0.99549305 
0.0006788671 
1.9089228e-05 
0.0004069507 
5.932838e-05 
0.00039839745 
5.7270736e-08 
0.9789223 
1.13823344e-17 
1.1473439e-18 
1.7613682e-07 
1.1652433e-10 
0.0004517436 
0.0014004409 
2.4364135e-07 
0.98072565 
0.9560145 
1.0174972e-14 
0.77910876 
6.823729e-08 
4.0808028e-19 
0.0008355975 
0.40539938 
0.00083348155 
8.7584885e-05 
0.009300351 
0.00037908554 
7.9045486e-07 
0.010957301 
7.8836723e-07 
3.066252e-09 
0.9878936 
1.2396972e-14 
0.00011008384 
